   0.00000000       1.00000000    
   1.25663709E-02  0.999921024    
   2.51327418E-02  0.999684215    
   3.76991108E-02  0.999289453    
   5.02654836E-02  0.998736978    
   6.28318563E-02  0.998026729    
   7.53982216E-02  0.997158885    
   8.79645944E-02  0.996133626    
  0.100530967      0.994951010    
  0.113097340      0.993611336    
  0.125663713      0.992114723    
  0.138230085      0.990461409    
  0.150796443      0.988651752    
  0.163362816      0.986685932    
  0.175929189      0.984564364    
  0.188495561      0.982287228    
  0.201061934      0.979855061    
  0.213628307      0.977268100    
  0.226194680      0.974526882    
  0.238761052      0.971631706    
  0.251327425      0.968583167    
  0.263893783      0.965381622    
  0.276460171      0.962027669    
  0.289026529      0.958521783    
  0.301592886      0.954864562    
  0.314159274      0.951056540    
  0.326725632      0.947098315    
  0.339292020      0.942990541    
  0.351858377      0.938733876    
  0.364424765      0.934328914    
  0.376991123      0.929776490    
  0.389557511      0.925077200    
  0.402123868      0.920231819    
  0.414690226      0.915241182    
  0.427256614      0.910105944    
  0.439822972      0.904827058    
  0.452389359      0.899405241    
  0.464955717      0.893841445    
  0.477522105      0.888136446    
  0.490088463      0.882291198    
  0.502654850      0.876306653    
  0.515221179      0.870183766    
  0.527787566      0.863923430    
  0.540353954      0.857526660    
  0.552920341      0.850994468    
  0.565486670      0.844327927    
  0.578053057      0.837528050    
  0.590619445      0.830595911    
  0.603185773      0.823532581    
  0.615752161      0.816339254    
  0.628318548      0.809017003    
  0.640884936      0.801566958    
  0.653451264      0.793990433    
  0.666017652      0.786288440    
  0.678584039      0.778462291    
  0.691150427      0.770513237    
  0.703716755      0.762442529    
  0.716283143      0.754251361    
  0.728849530      0.745941103    
  0.741415858      0.737513125    
  0.753982246      0.728968620    
  0.766548634      0.720309019    
  0.779115021      0.711535633    
  0.791681349      0.702649951    
  0.804247737      0.693653286    
  0.816814125      0.684547067    
  0.829380453      0.675332785    
  0.841946840      0.666011870    
  0.854513228      0.656585753    
  0.867079616      0.647055924    
  0.879645944      0.637423992    
  0.892212331      0.627691329    
  0.904778719      0.617859602    
  0.917345047      0.607930303    
  0.929911435      0.597904980    
  0.942477822      0.587785244    
  0.955044210      0.577572644    
  0.967610538      0.567268968    
  0.980176926      0.556875587    
  0.992743313      0.546394289    
   1.00530970      0.535826743    
   1.01787603      0.525174618    
   1.03044236      0.514439583    
   1.04300880      0.503623188    
   1.05557513      0.492727339    
   1.06814158      0.481753618    
   1.08070791      0.470703900    
   1.09327424      0.459579855    
   1.10584068      0.448383152    
   1.11840701      0.437115729    
   1.13097334      0.425779313    
   1.14353979      0.414375514    
   1.15610611      0.402906418    
   1.16867244      0.391373694    
   1.18123889      0.379779041    
   1.19380522      0.368124545    
   1.20637155      0.356411904    
   1.21893799      0.344642878    
   1.23150432      0.332819551    
   1.24407077      0.320943534    
   1.25663710      0.309016973    
   1.26920342      0.297041595    
   1.28176987      0.285019189    
   1.29433620      0.272951901    
   1.30690253      0.260841519    
   1.31946898      0.248689830    
   1.33203530      0.236498982    
   1.34460163      0.224270791    
   1.35716808      0.212007061    
   1.36973441      0.199709967    
   1.38230085      0.187381223    
   1.39486718      0.175023019    
   1.40743351      0.162637159    
   1.41999996      0.150225505    
   1.43256629      0.137790263    
   1.44513261      0.125333235    
   1.45769906      0.112856314    
   1.47026539      0.100361690    
   1.48283172       8.78512114E-02
   1.49539816       7.53267482E-02
   1.50796449       6.27904981E-02
   1.52053082       5.02443425E-02
   1.53309727       3.76901291E-02
   1.54566360       2.51300856E-02
   1.55823004       1.25659537E-02
   1.57079637      -4.37113883E-08
   1.58336270      -1.25660412E-02
   1.59592915      -2.51301732E-02
   1.60849547      -3.76902185E-02
   1.62106180      -5.02443090E-02
   1.63362825      -6.27905875E-02
   1.64619458      -7.53268301E-02
   1.65876091      -8.78511816E-02
   1.67132735     -0.100361772    
   1.68389368     -0.112856403    
   1.69646013     -0.125333324    
   1.70902646     -0.137790337    
   1.72159278     -0.150225595    
   1.73415923     -0.162637249    
   1.74672556     -0.175023109    
   1.75929189     -0.187381312    
   1.77185833     -0.199710056    
   1.78442466     -0.212007150    
   1.79699099     -0.224270761    
   1.80955744     -0.236499071    
   1.82212377     -0.248689920    
   1.83469009     -0.260841489    
   1.84725654     -0.272951990    
   1.85982287     -0.285019279    
   1.87238932     -0.297041684    
   1.88495564     -0.309017032    
   1.89752197     -0.320943624    
   1.91008842     -0.332819641    
   1.92265475     -0.344642967    
   1.93522108     -0.356411874    
   1.94778752     -0.368124634    
   1.96035385     -0.379779130    
   1.97292018     -0.391373664    
   1.98548663     -0.402906507    
   1.99805295     -0.414375603    
   2.01061940     -0.425779372    
   2.02318573     -0.437115818    
   2.03575206     -0.448383242    
   2.04831839     -0.459579825    
   2.06088471     -0.470703870    
   2.07345128     -0.481753796    
   2.08601761     -0.492727429    
   2.09858394     -0.503623247    
   2.11115026     -0.514439523    
   2.12371659     -0.525174618    
   2.13628316     -0.535826921    
   2.14884949     -0.546394467    
   2.16141582     -0.556875646    
   2.17398214     -0.567268968    
   2.18654847     -0.577572703    
   2.19911480     -0.587785184    
   2.21168137     -0.597905099    
   2.22424769     -0.607930362    
   2.23681402     -0.617859662    
   2.24938035     -0.627691388    
   2.26194668     -0.637423992    
   2.27451324     -0.647056103    
   2.28707957     -0.656585872    
   2.29964590     -0.666011930    
   2.31221223     -0.675332844    
   2.32477856     -0.684547126    
   2.33734488     -0.693653286    
   2.34991145     -0.702650070    
   2.36247778     -0.711535752    
   2.37504411     -0.720309079    
   2.38761044     -0.728968620    
   2.40017676     -0.737513125    
   2.41274309     -0.745941103    
   2.42530966     -0.754251480    
   2.43787599     -0.762442589    
   2.45044231     -0.770513296    
   2.46300864     -0.778462291    
   2.47557497     -0.786288381    
   2.48814154     -0.793990493    
   2.50070786     -0.801567078    
   2.51327419     -0.809017062    
   2.52584052     -0.816339254    
   2.53840685     -0.823532581    
   2.55097318     -0.830595851    
   2.56353974     -0.837528110    
   2.57610607     -0.844327986    
   2.58867240     -0.850994527    
   2.60123873     -0.857526660    
   2.61380506     -0.863923430    
   2.62637162     -0.870183825    
   2.63893795     -0.876306713    
   2.65150428     -0.882291257    
   2.66407061     -0.888136446    
   2.67663693     -0.893841445    
   2.68920326     -0.899405241    
   2.70176983     -0.904827118    
   2.71433616     -0.910106003    
   2.72690248     -0.915241182    
   2.73946881     -0.920231879    
   2.75203514     -0.925077200    
   2.76460171     -0.929776549    
   2.77716804     -0.934328973    
   2.78973436     -0.938733876    
   2.80230069     -0.942990541    
   2.81486702     -0.947098315    
   2.82743335     -0.951056480    
   2.83999991     -0.954864562    
   2.85256624     -0.958521843    
   2.86513257     -0.962027669    
   2.87769890     -0.965381622    
   2.89026523     -0.968583167    
   2.90283179     -0.971631765    
   2.91539812     -0.974526882    
   2.92796445     -0.977268159    
   2.94053078     -0.979855061    
   2.95309711     -0.982287228    
   2.96566343     -0.984564304    
   2.97823000     -0.986685991    
   2.99079633     -0.988651752    
   3.00336266     -0.990461409    
   3.01592898     -0.992114723    
   3.02849531     -0.993611336    
   3.04106164     -0.994951010    
   3.05362821     -0.996133626    
   3.06619453     -0.997158885    
   3.07876086     -0.998026729    
   3.09132719     -0.998736978    
   3.10389352     -0.999289453    
   3.11646008     -0.999684215    
   3.12902641     -0.999921024    
   3.14159274      -1.00000000    
   3.15415907     -0.999921024    
   3.16672540     -0.999684215    
   3.17929173     -0.999289453    
   3.19185829     -0.998736978    
   3.20442462     -0.998026729    
   3.21699095     -0.997158885    
   3.22955728     -0.996133626    
   3.24212360     -0.994951010    
   3.25469017     -0.993611276    
   3.26725650     -0.992114663    
   3.27982283     -0.990461409    
   3.29238915     -0.988651752    
   3.30495548     -0.986685932    
   3.31752181     -0.984564364    
   3.33008838     -0.982287228    
   3.34265471     -0.979855001    
   3.35522103     -0.977268100    
   3.36778736     -0.974526882    
   3.38035369     -0.971631706    
   3.39292026     -0.968583107    
   3.40548658     -0.965381622    
   3.41805291     -0.962027669    
   3.43061924     -0.958521783    
   3.44318557     -0.954864562    
   3.45575190     -0.951056540    
   3.46831846     -0.947098255    
   3.48088479     -0.942990482    
   3.49345112     -0.938733816    
   3.50601745     -0.934328914    
   3.51858377     -0.929776490    
   3.53115010     -0.925077200    
   3.54371667     -0.920231760    
   3.55628300     -0.915241122    
   3.56884933     -0.910105944    
   3.58141565     -0.904827058    
   3.59398198     -0.899405241    
   3.60654855     -0.893841326    
   3.61911488     -0.888136387    
   3.63168120     -0.882291198    
   3.64424753     -0.876306653    
   3.65681386     -0.870183766    
   3.66938019     -0.863923430    
   3.68194675     -0.857526600    
   3.69451308     -0.850994408    
   3.70707941     -0.844327867    
   3.71964574     -0.837527990    
   3.73221207     -0.830595911    
   3.74477863     -0.823532462    
   3.75734496     -0.816339195    
   3.76991129     -0.809016943    
   3.78247762     -0.801566958    
   3.79504395     -0.793990374    
   3.80761027     -0.786288440    
   3.82017684     -0.778462172    
   3.83274317     -0.770513177    
   3.84530950     -0.762442470    
   3.85787582     -0.754251361    
   3.87044215     -0.745941162    
   3.88300872     -0.737513006    
   3.89557505     -0.728968501    
   3.90814137     -0.720308959    
   3.92070770     -0.711535633    
   3.93327403     -0.702649951    
   3.94584036     -0.693653345    
   3.95840693     -0.684546947    
   3.97097325     -0.675332725    
   3.98353958     -0.666011810    
   3.99610591     -0.656585693    
   4.00867224     -0.647055924    
   4.02123880     -0.637423813    
   4.03380489     -0.627691448    
   4.04637146     -0.617859542    
   4.05893803     -0.607930064    
   4.07150412     -0.597904980    
   4.08407068     -0.587785065    
   4.09663677     -0.577572763    
   4.10920334     -0.567268848    
   4.12176943     -0.556875706    
   4.13433599     -0.546394289    
   4.14690256     -0.535826564    
   4.15946865     -0.525174677    
   4.17203522     -0.514439404    
   4.18460131     -0.503623307    
   4.19716787     -0.492727280    
   4.20973444     -0.481753439    
   4.22230053     -0.470703930    
   4.23486710     -0.459579676    
   4.24743319     -0.448383301    
   4.25999975     -0.437115669    
   4.27256632     -0.425779015    
   4.28513241     -0.414375544    
   4.29769897     -0.402906239    
   4.31026506     -0.391373724    
   4.32283163     -0.379778981    
   4.33539772     -0.368124694    
   4.34796429     -0.356411815    
   4.36053085     -0.344642699    
   4.37309694     -0.332819581    
   4.38566351     -0.320943445    
   4.39822960     -0.309017092    
   4.41079617     -0.297041506    
   4.42336273     -0.285019010    
   4.43592882     -0.272951931    
   4.44849539     -0.260841310    
   4.46106148     -0.248689979    
   4.47362804     -0.236498892    
   4.48619461     -0.224270463    
   4.49876070     -0.212007090    
   4.51132727     -0.199709773    
   4.52389336     -0.187381372    
   4.53645992     -0.175022930    
   4.54902649     -0.162636846    
   4.56159258     -0.150225550    
   4.57415915     -0.137790054    
   4.58672523     -0.125333279    
   4.59929180     -0.112856232    
   4.61185789     -0.100361839    
   4.62442446      -8.78511220E-02
   4.63699102      -7.53265396E-02
   4.64955711      -6.27905354E-02
   4.66212368      -5.02441376E-02
   4.67468977      -3.76902819E-02
   4.68725634      -2.51299981E-02
   4.69982290      -1.25657469E-02
   4.71238899       1.19248806E-08
   4.72495556       1.25662480E-02
   4.73752165       2.51300223E-02
   4.75008821       3.76903042E-02
   4.76265478       5.02446368E-02
   4.77522087       6.27905577E-02
   4.78778744       7.53270388E-02
   4.80035353       8.78511518E-02
   4.81292009      0.100361861    
   4.82548618      0.112856254    
   4.83805275      0.125333294    
   4.85061932      0.137790546    
   4.86318541      0.150225565    
   4.87575197      0.162637338    
   4.88831806      0.175022960    
   4.90088463      0.187381402    
   4.91345119      0.199710265    
   4.92601728      0.212007120    
   4.93858385      0.224270955    
   4.95114994      0.236498922    
   4.96371651      0.248689994    
   4.97628307      0.260841817    
   4.98884916      0.272951961    
   5.00141573      0.285019487    
   5.01398182      0.297041535    
   5.02654839      0.309017122    
   5.03911495      0.320943922    
   5.05168104      0.332819611    
   5.06424761      0.344643146    
   5.07681370      0.356411844    
   5.08938026      0.368124694    
   5.10194635      0.379778981    
   5.11451292      0.391373754    
   5.12707949      0.402906686    
   5.13964558      0.414375573    
   5.15221214      0.425779462    
   5.16477823      0.437115699    
   5.17734480      0.448383301    
   5.18991137      0.459580123    
   5.20247746      0.470703959    
   5.21504402      0.481753856    
   5.22761011      0.492727280    
   5.24017668      0.503623307    
   5.25274324      0.514439821    
   5.26530933      0.525174677    
   5.27787590      0.535826981    
   5.29044199      0.546394289    
   5.30300856      0.556875765    
   5.31557512      0.567269266    
   5.32814121      0.577572763    
   5.34070778      0.587785482    
   5.35327387      0.597904980    
   5.36584044      0.607930422    
   5.37840652      0.617859542    
   5.39097309      0.627691448    
   5.40353966      0.637424231    
   5.41610575      0.647055984    
   5.42867231      0.656585932    
   5.44123840      0.666011810    
   5.45380497      0.675332904    
   5.46637154      0.684547365    
   5.47893763      0.693653345    
   5.49150419      0.702650130    
   5.50407028      0.711535633    
   5.51663685      0.720309138    
   5.52920341      0.728968859    
   5.54176950      0.737513185    
   5.55433607      0.745941341    
   5.56690216      0.754251361    
   5.57946873      0.762442648    
   5.59203482      0.770513177    
   5.60460138      0.778462350    
   5.61716795      0.786288619    
   5.62973404      0.793990374    
   5.64230061      0.801567078    
   5.65486670      0.809016943    
   5.66743326      0.816339314    
   5.67999983      0.823532760    
   5.69256592      0.830595911    
   5.70513248      0.837528169    
   5.71769857      0.844327867    
   5.73026514      0.850994527    
   5.74283171      0.857526839    
   5.75539780      0.863923430    
   5.76796436      0.870183885    
   5.78053045      0.876306653    
   5.79309702      0.882291317    
   5.80566359      0.888136625    
   5.81822968      0.893841445    
   5.83079624      0.899405360    
   5.84336233      0.904827058    
   5.85592890      0.910106063    
   5.86849499      0.915241122    
   5.88106155      0.920231879    
   5.89362812      0.925077319    
   5.90619421      0.929776490    
   5.91876078      0.934329033    
   5.93132687      0.938733816    
   5.94389343      0.942990601    
   5.95646000      0.947098434    
   5.96902609      0.951056540    
   5.98159266      0.954864621    
   5.99415874      0.958521783    
   6.00672531      0.962027729    
   6.01929188      0.965381742    
   6.03185797      0.968583167    
   6.04442453      0.971631825    
   6.05699062      0.974526882    
   6.06955719      0.977268159    
   6.08212328      0.979855061    
   6.09468985      0.982287288    
   6.10725641      0.984564364    
   6.11982250      0.986685932    
   6.13238907      0.988651752    
   6.14495516      0.990461409    
   6.15752172      0.992114723    
   6.17008829      0.993611336    
   6.18265438      0.994951010    
   6.19522095      0.996133626    
   6.20778704      0.997158885    
   6.22035360      0.998026729    
   6.23292017      0.998736978    
   6.24548626      0.999289453    
   6.25805283      0.999684215    
   6.27061892      0.999921024    
   6.28318548       1.00000000    
