   0.00000000       0.00000000    
   1.25663709E-02   1.25660403E-02
   2.51327418E-02   2.51300968E-02
   3.76991108E-02   3.76901813E-02
   5.02654836E-02   5.02443202E-02
   6.28318563E-02   6.27905205E-02
   7.53982216E-02   7.53268003E-02
   8.79645944E-02   8.78511965E-02
  0.100530967      0.100361720    
  0.113097340      0.112856388    
  0.125663713      0.125333235    
  0.138230085      0.137790293    
  0.150796443      0.150225580    
  0.163362816      0.162637159    
  0.175929189      0.175023064    
  0.188495561      0.187381312    
  0.201061934      0.199709982    
  0.213628307      0.212007120    
  0.226194680      0.224270776    
  0.238761052      0.236499012    
  0.251327425      0.248689905    
  0.263893783      0.260841519    
  0.276460171      0.272951961    
  0.289026529      0.285019279    
  0.301592886      0.297041565    
  0.314159274      0.309017003    
  0.326725632      0.320943594    
  0.339292020      0.332819551    
  0.351858377      0.344642937    
  0.364424765      0.356411904    
  0.376991123      0.368124545    
  0.389557511      0.379779130    
  0.402123868      0.391373664    
  0.414690226      0.402906418    
  0.427256614      0.414375603    
  0.439822972      0.425779283    
  0.452389359      0.437115788    
  0.464955717      0.448383212    
  0.477522105      0.459579885    
  0.490088463      0.470703930    
  0.502654850      0.481753707    
  0.515221179      0.492727339    
  0.527787566      0.503623188    
  0.540353954      0.514439523    
  0.552920341      0.525174677    
  0.565486670      0.535826802    
  0.578053057      0.546394348    
  0.590619445      0.556875646    
  0.603185773      0.567268908    
  0.615752161      0.577572703    
  0.628318548      0.587785244    
  0.640884936      0.597905040    
  0.653451264      0.607930303    
  0.666017652      0.617859602    
  0.678584039      0.627691388    
  0.691150427      0.637424052    
  0.703716755      0.647055984    
  0.716283143      0.656585753    
  0.728849530      0.666011870    
  0.741415858      0.675332785    
  0.753982246      0.684547126    
  0.766548634      0.693653345    
  0.779115021      0.702650011    
  0.791681349      0.711535692    
  0.804247737      0.720309019    
  0.816814125      0.728968680    
  0.829380453      0.737513125    
  0.841946840      0.745941162    
  0.854513228      0.754251420    
  0.867079616      0.762442529    
  0.879645944      0.770513237    
  0.892212331      0.778462291    
  0.904778719      0.786288440    
  0.917345047      0.793990374    
  0.929911435      0.801567018    
  0.942477822      0.809017003    
  0.955044210      0.816339254    
  0.967610538      0.823532581    
  0.980176926      0.830595911    
  0.992743313      0.837528050    
   1.00530970      0.844327927    
   1.01787603      0.850994468    
   1.03044236      0.857526660    
   1.04300880      0.863923430    
   1.05557513      0.870183766    
   1.06814158      0.876306713    
   1.08070791      0.882291257    
   1.09327424      0.888136446    
   1.10584068      0.893841445    
   1.11840701      0.899405241    
   1.13097334      0.904827058    
   1.14353979      0.910106003    
   1.15610611      0.915241182    
   1.16867244      0.920231819    
   1.18123889      0.925077200    
   1.19380522      0.929776490    
   1.20637155      0.934328914    
   1.21893799      0.938733876    
   1.23150432      0.942990541    
   1.24407077      0.947098315    
   1.25663710      0.951056540    
   1.26920342      0.954864562    
   1.28176987      0.958521783    
   1.29433620      0.962027669    
   1.30690253      0.965381622    
   1.31946898      0.968583167    
   1.33203530      0.971631765    
   1.34460163      0.974526882    
   1.35716808      0.977268159    
   1.36973441      0.979855061    
   1.38230085      0.982287288    
   1.39486718      0.984564364    
   1.40743351      0.986685932    
   1.41999996      0.988651752    
   1.43256629      0.990461409    
   1.44513261      0.992114723    
   1.45769906      0.993611336    
   1.47026539      0.994951010    
   1.48283172      0.996133626    
   1.49539816      0.997158885    
   1.50796449      0.998026729    
   1.52053082      0.998736978    
   1.53309727      0.999289453    
   1.54566360      0.999684215    
   1.55823004      0.999921024    
   1.57079637       1.00000000    
   1.58336270      0.999921024    
   1.59592915      0.999684215    
   1.60849547      0.999289453    
   1.62106180      0.998736978    
   1.63362825      0.998026729    
   1.64619458      0.997158885    
   1.65876091      0.996133626    
   1.67132735      0.994951010    
   1.68389368      0.993611336    
   1.69646013      0.992114663    
   1.70902646      0.990461409    
   1.72159278      0.988651752    
   1.73415923      0.986685932    
   1.74672556      0.984564304    
   1.75929189      0.982287228    
   1.77185833      0.979855061    
   1.78442466      0.977268100    
   1.79699099      0.974526882    
   1.80955744      0.971631706    
   1.82212377      0.968583167    
   1.83469009      0.965381622    
   1.84725654      0.962027669    
   1.85982287      0.958521783    
   1.87238932      0.954864502    
   1.88495564      0.951056480    
   1.89752197      0.947098315    
   1.91008842      0.942990482    
   1.92265475      0.938733816    
   1.93522108      0.934328914    
   1.94778752      0.929776430    
   1.96035385      0.925077200    
   1.97292018      0.920231879    
   1.98548663      0.915241122    
   1.99805295      0.910105944    
   2.01061940      0.904826999    
   2.02318573      0.899405241    
   2.03575206      0.893841445    
   2.04831839      0.888136446    
   2.06088471      0.882291257    
   2.07345128      0.876306593    
   2.08601761      0.870183706    
   2.09858394      0.863923371    
   2.11115026      0.857526660    
   2.12371659      0.850994527    
   2.13628316      0.844327867    
   2.14884949      0.837527990    
   2.16141582      0.830595851    
   2.17398214      0.823532581    
   2.18654847      0.816339254    
   2.19911480      0.809017003    
   2.21168137      0.801566899    
   2.22424769      0.793990314    
   2.23681402      0.786288381    
   2.24938035      0.778462291    
   2.26194668      0.770513237    
   2.27451324      0.762442410    
   2.28707957      0.754251301    
   2.29964590      0.745941103    
   2.31221223      0.737513065    
   2.32477856      0.728968620    
   2.33734488      0.720309079    
   2.34991145      0.711535573    
   2.36247778      0.702649891    
   2.37504411      0.693653286    
   2.38761044      0.684547067    
   2.40017676      0.675332844    
   2.41274309      0.666011930    
   2.42530966      0.656585634    
   2.43787599      0.647055924    
   2.45044231      0.637423933    
   2.46300864      0.627691388    
   2.47557497      0.617859662    
   2.48814154      0.607930183    
   2.50070786      0.597904921    
   2.51327419      0.587785184    
   2.52584052      0.577572703    
   2.53840685      0.567268968    
   2.55097318      0.556875646    
   2.56353974      0.546394229    
   2.57610607      0.535826743    
   2.58867240      0.525174558    
   2.60123873      0.514439523    
   2.61380506      0.503623247    
   2.62637162      0.492727190    
   2.63893795      0.481753558    
   2.65150428      0.470703870    
   2.66407061      0.459579825    
   2.67663693      0.448383212    
   2.68920326      0.437115818    
   2.70176983      0.425779164    
   2.71433616      0.414375484    
   2.72690248      0.402906388    
   2.73946881      0.391373664    
   2.75203514      0.379779130    
   2.76460171      0.368124396    
   2.77716804      0.356411755    
   2.78973436      0.344642848    
   2.80230069      0.332819492    
   2.81486702      0.320943594    
   2.82743335      0.309017032    
   2.83999991      0.297041446    
   2.85256624      0.285019159    
   2.86513257      0.272951871    
   2.87769890      0.260841489    
   2.89026523      0.248689905    
   2.90283179      0.236498818    
   2.91539812      0.224270627    
   2.92796445      0.212007016    
   2.94053078      0.199709922    
   2.95309711      0.187381297    
   2.96566343      0.175023094    
   2.97823000      0.162637010    
   2.99079633      0.150225475    
   3.00336266      0.137790218    
   3.01592898      0.125333205    
   3.02849531      0.112856388    
   3.04106164      0.100361764    
   3.05362821       8.78510475E-02
   3.06619453       7.53267035E-02
   3.07876086       6.27904609E-02
   3.09132719       5.02442978E-02
   3.10389352       3.76902074E-02
   3.11646008       2.51299236E-02
   3.12902641       1.25659099E-02
   3.14159274      -8.74227766E-08
   3.15415907      -1.25660850E-02
   3.16672540      -2.51300968E-02
   3.17929173      -3.76901440E-02
   3.19185829      -5.02444729E-02
   3.20442462      -6.27906322E-02
   3.21699095      -7.53268749E-02
   3.22955728      -8.78512263E-02
   3.24212360     -0.100361697    
   3.25469017     -0.112856567    
   3.26725650     -0.125333369    
   3.27982283     -0.137790382    
   3.29238915     -0.150225639    
   3.30495548     -0.162637174    
   3.31752181     -0.175023034    
   3.33008838     -0.187381476    
   3.34265471     -0.199710101    
   3.35522103     -0.212007180    
   3.36778736     -0.224270791    
   3.38035369     -0.236498997    
   3.39292026     -0.248690069    
   3.40548658     -0.260841638    
   3.41805291     -0.272952050    
   3.43061924     -0.285019308    
   3.44318557     -0.297041595    
   3.45575190     -0.309016973    
   3.46831846     -0.320943773    
   3.48088479     -0.332819670    
   3.49345112     -0.344642997    
   3.50601745     -0.356411934    
   3.51858377     -0.368124545    
   3.53115010     -0.379779071    
   3.54371667     -0.391373813    
   3.55628300     -0.402906537    
   3.56884933     -0.414375633    
   3.58141565     -0.425779313    
   3.59398198     -0.437115759    
   3.60654855     -0.448383391    
   3.61911488     -0.459579974    
   3.63168120     -0.470704019    
   3.64424753     -0.481753707    
   3.65681386     -0.492727339    
   3.66938019     -0.503623188    
   3.68194675     -0.514439702    
   3.69451308     -0.525174737    
   3.70707941     -0.535826862    
   3.71964574     -0.546394348    
   3.73221207     -0.556875587    
   3.74477863     -0.567269087    
   3.75734496     -0.577572823    
   3.76991129     -0.587785363    
   3.78247762     -0.597905040    
   3.79504395     -0.607930303    
   3.80761027     -0.617859602    
   3.82017684     -0.627691507    
   3.83274317     -0.637424111    
   3.84530950     -0.647056043    
   3.85787582     -0.656585813    
   3.87044215     -0.666011870    
   3.88300872     -0.675332963    
   3.89557505     -0.684547246    
   3.90814137     -0.693653405    
   3.92070770     -0.702650011    
   3.93327403     -0.711535692    
   3.94584036     -0.720309019    
   3.95840693     -0.728968740    
   3.97097325     -0.737513185    
   3.98353958     -0.745941222    
   3.99610591     -0.754251420    
   4.00867224     -0.762442529    
   4.02123880     -0.770513356    
   4.03380489     -0.778462231    
   4.04637146     -0.786288500    
   4.05893803     -0.793990612    
   4.07150412     -0.801567018    
   4.08407068     -0.809017122    
   4.09663677     -0.816339195    
   4.10920334     -0.823532701    
   4.12176943     -0.830595851    
   4.13433599     -0.837528050    
   4.14690256     -0.844328046    
   4.15946865     -0.850994468    
   4.17203522     -0.857526720    
   4.18460131     -0.863923371    
   4.19716787     -0.870183825    
   4.20973444     -0.876306832    
   4.22230053     -0.882291257    
   4.23486710     -0.888136566    
   4.24743319     -0.893841386    
   4.25999975     -0.899405301    
   4.27256632     -0.904827178    
   4.28513241     -0.910106003    
   4.29769897     -0.915241241    
   4.31026506     -0.920231819    
   4.32283163     -0.925077260    
   4.33539772     -0.929776430    
   4.34796429     -0.934328973    
   4.36053085     -0.938733935    
   4.37309694     -0.942990541    
   4.38566351     -0.947098374    
   4.39822960     -0.951056480    
   4.41079617     -0.954864562    
   4.42336273     -0.958521843    
   4.43592882     -0.962027669    
   4.44849539     -0.965381682    
   4.46106148     -0.968583167    
   4.47362804     -0.971631765    
   4.48619461     -0.974526942    
   4.49876070     -0.977268100    
   4.51132727     -0.979855120    
   4.52389336     -0.982287228    
   4.53645992     -0.984564364    
   4.54902649     -0.986685991    
   4.56159258     -0.988651752    
   4.57415915     -0.990461469    
   4.58672523     -0.992114723    
   4.59929180     -0.993611336    
   4.61185789     -0.994951010    
   4.62442446     -0.996133626    
   4.63699102     -0.997158945    
   4.64955711     -0.998026729    
   4.66212368     -0.998736978    
   4.67468977     -0.999289453    
   4.68725634     -0.999684215    
   4.69982290     -0.999921024    
   4.71238899      -1.00000000    
   4.72495556     -0.999921024    
   4.73752165     -0.999684215    
   4.75008821     -0.999289453    
   4.76265478     -0.998736918    
   4.77522087     -0.998026729    
   4.78778744     -0.997158885    
   4.80035353     -0.996133626    
   4.81292009     -0.994951010    
   4.82548618     -0.993611336    
   4.83805275     -0.992114723    
   4.85061932     -0.990461409    
   4.86318541     -0.988651752    
   4.87575197     -0.986685932    
   4.88831806     -0.984564364    
   4.90088463     -0.982287228    
   4.91345119     -0.979855001    
   4.92601728     -0.977268100    
   4.93858385     -0.974526823    
   4.95114994     -0.971631765    
   4.96371651     -0.968583107    
   4.97628307     -0.965381563    
   4.98884916     -0.962027669    
   5.00141573     -0.958521724    
   5.01398182     -0.954864562    
   5.02654839     -0.951056480    
   5.03911495     -0.947098196    
   5.05168104     -0.942990541    
   5.06424761     -0.938733757    
   5.07681370     -0.934328973    
   5.08938026     -0.929776430    
   5.10194635     -0.925077260    
   5.11451292     -0.920231819    
   5.12707949     -0.915241063    
   5.13964558     -0.910105944    
   5.15221214     -0.904826999    
   5.16477823     -0.899405301    
   5.17734480     -0.893841386    
   5.18991137     -0.888136327    
   5.20247746     -0.882291198    
   5.21504402     -0.876306593    
   5.22761011     -0.870183766    
   5.24017668     -0.863923371    
   5.25274324     -0.857526481    
   5.26530933     -0.850994468    
   5.27787590     -0.844327807    
   5.29044199     -0.837528050    
   5.30300856     -0.830595791    
   5.31557512     -0.823532403    
   5.32814121     -0.816339195    
   5.34070778     -0.809016824    
   5.35327387     -0.801567018    
   5.36584044     -0.793990314    
   5.37840652     -0.786288500    
   5.39097309     -0.778462231    
   5.40353966     -0.770513058    
   5.41610575     -0.762442529    
   5.42867231     -0.754251242    
   5.44123840     -0.745941222    
   5.45380497     -0.737513006    
   5.46637154     -0.728968382    
   5.47893763     -0.720309019    
   5.49150419     -0.711535513    
   5.50407028     -0.702650011    
   5.51663685     -0.693653226    
   5.52920341     -0.684546828    
   5.54176950     -0.675332785    
   5.55433607     -0.666011691    
   5.56690216     -0.656585753    
   5.57946873     -0.647055805    
   5.59203482     -0.637424052    
   5.60460138     -0.627691269    
   5.61716795     -0.617859364    
   5.62973404     -0.607930303    
   5.64230061     -0.597904801    
   5.65486670     -0.587785304    
   5.66743326     -0.577572584    
   5.67999983     -0.567268670    
   5.69256592     -0.556875587    
   5.70513248     -0.546394169    
   5.71769857     -0.535826862    
   5.73026514     -0.525174499    
   5.74283171     -0.514439225    
   5.75539780     -0.503623128    
   5.76796436     -0.492727131    
   5.78053045     -0.481753707    
   5.79309702     -0.470703781    
   5.80566359     -0.459579527    
   5.81822968     -0.448383152    
   5.83079624     -0.437115520    
   5.84336233     -0.425779283    
   5.85592890     -0.414375395    
   5.86849499     -0.402906507    
   5.88106155     -0.391373575    
   5.89362812     -0.379778802    
   5.90619421     -0.368124545    
   5.91876078     -0.356411666    
   5.93132687     -0.344642997    
   5.94389343     -0.332819432    
   5.95646000     -0.320943296    
   5.96902609     -0.309016943    
   5.98159266     -0.297041357    
   5.99415874     -0.285019308    
   6.00672531     -0.272951782    
   6.01929188     -0.260841161    
   6.03185797     -0.248689815    
   6.04442453     -0.236498743    
   6.05699062     -0.224270776    
   6.06955719     -0.212006927    
   6.08212328     -0.199710071    
   6.09468985     -0.187381223    
   6.10725641     -0.175022766    
   6.11982250     -0.162637159    
   6.13238907     -0.150225386    
   6.14495516     -0.137790367    
   6.15752172     -0.125333115    
   6.17008829     -0.112856068    
   6.18265438     -0.100361675    
   6.19522095      -8.78509656E-02
   6.20778704      -7.53268525E-02
   6.22035360      -6.27903715E-02
   6.23292017      -5.02439737E-02
   6.24548626      -3.76901180E-02
   6.25805283      -2.51298361E-02
   6.27061892      -1.25660608E-02
   6.28318548       1.74845553E-07
